h
0.2
dt
0.2
V matrix
    (+2.505e-01,+7.107e-01)    (+5.839e-01,+9.503e-01)    (+2.730e-01,+6.238e-01)    (+9.695e-01,+8.888e-01)    (+9.569e-01,+6.297e-01)    (+8.687e-01,+1.225e-01)    (+7.670e-01,+1.288e-01)    (+2.367e-01,+1.589e-01)    (+9.319e-01,+9.899e-01)    (+3.703e-01,+4.437e-03)    (+6.971e-01,+1.140e-01)    (+9.238e-02,+1.567e-01)    (+4.097e-01,+9.555e-01)    (+5.042e-02,+4.282e-01)    (+7.888e-01,+1.118e-01)    (+3.183e-01,+9.158e-02)
    (+9.467e-01,+1.927e-02)    (+4.381e-01,+3.223e-01)    (+2.221e-01,+2.254e-01)    (+1.383e-01,+4.366e-01)    (+3.557e-01,+3.232e-01)    (+8.870e-01,+5.954e-01)    (+2.793e-01,+1.284e-01)    (+3.687e-02,+9.944e-02)    (+7.771e-01,+2.252e-01)    (+9.512e-02,+7.454e-01)    (+6.344e-02,+3.561e-01)    (+9.800e-01,+1.281e-01)    (+4.929e-01,+8.413e-01)    (+4.245e-01,+2.974e-01)    (+4.966e-01,+2.217e-02)    (+6.850e-01,+8.044e-01)
    (+4.049e-01,+2.513e-01)    (+5.324e-01,+2.564e-01)    (+4.341e-01,+9.873e-01)    (+3.439e-01,+1.189e-01)    (+6.332e-02,+2.805e-01)    (+7.951e-01,+5.672e-01)    (+8.888e-01,+8.058e-01)    (+6.839e-01,+9.521e-01)    (+7.910e-01,+4.396e-02)    (+6.028e-01,+8.157e-01)    (+5.310e-01,+1.986e-01)    (+3.201e-01,+9.089e-01)    (+1.631e-02,+7.460e-01)    (+9.244e-01,+3.947e-01)    (+8.705e-01,+1.935e-01)    (+2.829e-02,+1.561e-01)
    (+2.271e-02,+5.206e-01)    (+4.554e-02,+5.050e-01)    (+2.110e-01,+8.532e-01)    (+5.482e-01,+7.590e-01)    (+2.570e-01,+8.752e-02)    (+9.886e-01,+9.627e-01)    (+4.008e-01,+5.274e-01)    (+7.871e-01,+2.358e-01)    (+3.843e-01,+6.699e-01)    (+2.004e-01,+8.323e-01)    (+6.368e-01,+2.932e-01)    (+4.748e-01,+2.010e-01)    (+1.690e-01,+2.549e-01)    (+5.769e-01,+6.852e-01)    (+5.058e-01,+6.377e-02)    (+4.538e-01,+8.067e-01)
    (+3.447e-01,+2.742e-01)    (+6.962e-01,+9.122e-02)    (+2.841e-01,+8.364e-01)    (+3.240e-02,+1.016e-01)    (+7.362e-02,+1.007e-01)    (+5.063e-01,+7.934e-01)    (+2.972e-01,+9.177e-01)    (+3.640e-01,+3.630e-01)    (+3.011e-01,+3.215e-01)    (+5.555e-02,+1.295e-01)    (+5.278e-01,+2.344e-01)    (+8.109e-01,+5.217e-01)    (+7.811e-01,+9.716e-01)    (+6.679e-01,+5.480e-01)    (+6.084e-01,+5.043e-01)    (+7.183e-02,+8.184e-01)
    (+5.610e-01,+1.400e-01)    (+9.071e-01,+3.091e-02)    (+3.667e-01,+9.351e-01)    (+5.869e-01,+6.950e-01)    (+1.307e-01,+6.279e-01)    (+7.195e-01,+4.022e-01)    (+8.128e-01,+5.178e-01)    (+9.341e-01,+9.989e-01)    (+1.137e-01,+6.909e-01)    (+3.725e-01,+9.607e-01)    (+4.899e-01,+5.809e-01)    (+5.583e-01,+3.072e-01)    (+4.050e-01,+1.987e-01)    (+8.806e-01,+4.632e-01)    (+5.785e-01,+2.222e-01)    (+2.397e-01,+7.809e-01)
    (+5.439e-01,+5.219e-01)    (+1.520e-01,+9.815e-01)    (+8.599e-01,+4.909e-01)    (+7.918e-01,+8.500e-01)    (+3.120e-01,+9.513e-01)    (+1.160e-01,+8.314e-01)    (+6.002e-01,+8.338e-01)    (+2.010e-01,+5.528e-01)    (+3.302e-01,+7.988e-01)    (+5.738e-01,+5.908e-01)    (+1.883e-01,+3.141e-01)    (+3.702e-01,+5.683e-01)    (+9.555e-01,+8.324e-01)    (+6.112e-01,+5.879e-01)    (+4.664e-01,+2.762e-01)    (+2.017e-01,+2.218e-02)
    (+8.571e-01,+4.998e-01)    (+6.204e-01,+2.988e-01)    (+2.208e-02,+3.621e-01)    (+8.753e-01,+6.055e-01)    (+9.728e-01,+2.017e-01)    (+3.411e-01,+8.119e-01)    (+4.779e-01,+3.292e-01)    (+6.974e-01,+6.921e-01)    (+7.828e-01,+7.178e-03)    (+5.239e-01,+9.417e-02)    (+7.208e-01,+3.954e-01)    (+7.286e-01,+6.548e-01)    (+2.575e-01,+6.083e-01)    (+8.009e-01,+3.037e-02)    (+9.743e-01,+9.244e-01)    (+5.208e-01,+5.000e-01)
    (+4.194e-01,+7.443e-01)    (+3.613e-01,+4.810e-01)    (+7.364e-01,+5.194e-01)    (+9.536e-01,+9.909e-01)    (+7.261e-01,+6.763e-01)    (+2.366e-01,+9.342e-01)    (+5.922e-01,+8.261e-01)    (+8.612e-02,+3.583e-01)    (+7.519e-01,+3.997e-01)    (+2.774e-01,+9.153e-01)    (+5.901e-01,+5.794e-01)    (+3.112e-01,+7.543e-01)    (+2.570e-01,+9.008e-01)    (+3.168e-01,+6.652e-01)    (+8.576e-02,+6.512e-01)    (+1.032e-02,+6.623e-01)
    (+2.492e-01,+2.393e-01)    (+2.978e-01,+2.852e-01)    (+4.230e-01,+2.903e-02)    (+8.671e-01,+6.441e-01)    (+5.672e-01,+7.184e-01)    (+4.581e-01,+8.529e-01)    (+4.670e-01,+2.666e-01)    (+2.863e-01,+9.432e-02)    (+4.205e-01,+2.057e-01)    (+5.691e-01,+1.041e-01)    (+9.377e-01,+7.404e-01)    (+9.112e-01,+9.986e-01)    (+5.328e-01,+4.871e-01)    (+4.640e-01,+6.613e-01)    (+8.761e-01,+1.378e-01)    (+1.326e-01,+2.511e-01)
    (+3.201e-01,+9.105e-01)    (+9.242e-01,+6.289e-01)    (+9.092e-01,+1.122e-01)    (+6.047e-01,+9.127e-01)    (+2.101e-01,+7.466e-01)    (+7.498e-01,+3.697e-01)    (+8.075e-01,+1.279e-01)    (+9.436e-01,+4.722e-01)    (+7.003e-01,+7.763e-01)    (+4.144e-01,+6.136e-01)    (+2.422e-01,+5.195e-01)    (+8.933e-01,+7.796e-01)    (+7.903e-01,+5.968e-01)    (+5.494e-01,+5.039e-01)    (+2.469e-01,+4.572e-01)    (+7.147e-01,+3.137e-01)
    (+1.648e-01,+2.455e-01)    (+7.550e-01,+7.139e-01)    (+9.802e-01,+6.878e-01)    (+4.670e-01,+7.914e-02)    (+7.489e-01,+8.942e-01)    (+6.444e-01,+5.898e-01)    (+3.677e-01,+1.955e-02)    (+5.198e-01,+1.521e-01)    (+1.413e-01,+1.701e-01)    (+7.427e-02,+3.674e-01)    (+1.139e-01,+2.079e-01)    (+6.935e-01,+3.589e-01)    (+8.780e-01,+5.814e-01)    (+5.881e-01,+9.769e-01)    (+6.189e-01,+2.635e-01)    (+5.581e-01,+2.272e-01)
    (+1.983e-01,+7.159e-01)    (+7.228e-01,+6.984e-02)    (+4.873e-01,+7.359e-01)    (+9.043e-01,+8.273e-01)    (+1.169e-01,+6.543e-01)    (+8.433e-01,+5.706e-03)    (+1.240e-01,+1.618e-01)    (+3.874e-01,+9.894e-02)    (+7.486e-01,+7.715e-01)    (+1.871e-01,+5.096e-01)    (+6.336e-01,+1.401e-01)    (+6.519e-01,+3.278e-04)    (+2.494e-01,+7.817e-02)    (+5.505e-01,+5.705e-01)    (+2.147e-01,+4.509e-02)    (+2.327e-01,+8.877e-01)
    (+9.678e-01,+7.694e-01)    (+4.868e-01,+8.886e-02)    (+5.887e-01,+5.285e-01)    (+1.473e-01,+8.072e-01)    (+2.655e-02,+2.858e-01)    (+1.866e-01,+2.971e-01)    (+4.348e-01,+6.917e-01)    (+1.653e-01,+5.839e-01)    (+9.136e-01,+5.596e-01)    (+4.281e-01,+7.754e-01)    (+1.184e-01,+9.629e-01)    (+9.091e-01,+5.590e-01)    (+1.028e-01,+3.597e-01)    (+9.033e-01,+5.236e-02)    (+8.312e-01,+8.779e-01)    (+4.675e-01,+8.299e-01)
    (+8.071e-02,+4.599e-01)    (+7.596e-01,+4.238e-01)    (+4.556e-01,+8.283e-01)    (+6.689e-01,+1.386e-01)    (+6.118e-01,+3.657e-01)    (+3.387e-01,+7.260e-01)    (+8.595e-02,+9.871e-01)    (+4.735e-01,+6.494e-01)    (+1.254e-01,+7.565e-01)    (+1.525e-02,+5.220e-01)    (+5.910e-01,+9.721e-01)    (+3.903e-02,+3.492e-01)    (+4.012e-01,+8.714e-01)    (+4.818e-01,+8.519e-01)    (+6.287e-01,+3.049e-01)    (+5.094e-01,+3.658e-01)
    (+2.573e-01,+7.770e-01)    (+5.970e-01,+8.642e-02)    (+8.704e-01,+4.915e-01)    (+6.723e-01,+8.324e-01)    (+2.812e-01,+7.112e-01)    (+9.946e-01,+9.019e-01)    (+6.189e-01,+3.712e-01)    (+5.444e-01,+3.161e-01)    (+3.116e-01,+7.252e-01)    (+5.614e-02,+5.096e-02)    (+8.023e-01,+8.800e-01)    (+5.353e-01,+8.621e-01)    (+5.968e-01,+7.409e-01)    (+9.098e-02,+5.991e-01)    (+6.244e-01,+2.241e-01)    (+7.499e-01,+3.805e-01)

A matrix
    (+9.289e-01,+1.003e+01)    (-0.000e+00,-2.500e+00)                      (0,0)    (-0.000e+00,-2.500e+00)                      (0,0)                      (0,0)                      (0,0)                      (0,0)                      (0,0)                      (0,0)                      (0,0)                      (0,0)                      (0,0)                      (0,0)                      (0,0)                      (0,0)
    (-0.000e+00,-2.500e+00)    (+9.678e-01,+1.004e+01)    (-0.000e+00,-2.500e+00)                      (0,0)    (-0.000e+00,-2.500e+00)                      (0,0)                      (0,0)                      (0,0)                      (0,0)                      (0,0)                      (0,0)                      (0,0)                      (0,0)                      (0,0)                      (0,0)                      (0,0)
                      (0,0)    (-0.000e+00,-2.500e+00)    (+9.013e-01,+1.004e+01)    (-0.000e+00,-2.500e+00)                      (0,0)    (-0.000e+00,-2.500e+00)                      (0,0)                      (0,0)                      (0,0)                      (0,0)                      (0,0)                      (0,0)                      (0,0)                      (0,0)                      (0,0)                      (0,0)
    (-0.000e+00,-2.500e+00)                      (0,0)    (-0.000e+00,-2.500e+00)    (+9.241e-01,+1.005e+01)                      (0,0)                      (0,0)    (-0.000e+00,-2.500e+00)                      (0,0)                      (0,0)                      (0,0)                      (0,0)                      (0,0)                      (0,0)                      (0,0)                      (0,0)                      (0,0)
                      (0,0)    (-0.000e+00,-2.500e+00)                      (0,0)                      (0,0)    (+9.899e-01,+1.001e+01)    (-0.000e+00,-2.500e+00)                      (0,0)    (-0.000e+00,-2.500e+00)                      (0,0)                      (0,0)                      (0,0)                      (0,0)                      (0,0)                      (0,0)                      (0,0)                      (0,0)
                      (0,0)                      (0,0)    (-0.000e+00,-2.500e+00)                      (0,0)    (-0.000e+00,-2.500e+00)    (+9.598e-01,+1.007e+01)    (-0.000e+00,-2.500e+00)                      (0,0)    (-0.000e+00,-2.500e+00)                      (0,0)                      (0,0)                      (0,0)                      (0,0)                      (0,0)                      (0,0)                      (0,0)
                      (0,0)                      (0,0)                      (0,0)    (-0.000e+00,-2.500e+00)                      (0,0)    (-0.000e+00,-2.500e+00)    (+9.166e-01,+1.006e+01)    (-0.000e+00,-2.500e+00)                      (0,0)    (-0.000e+00,-2.500e+00)                      (0,0)                      (0,0)                      (0,0)                      (0,0)                      (0,0)                      (0,0)
                      (0,0)                      (0,0)                      (0,0)                      (0,0)    (-0.000e+00,-2.500e+00)                      (0,0)    (-0.000e+00,-2.500e+00)    (+9.308e-01,+1.007e+01)                      (0,0)                      (0,0)    (-0.000e+00,-2.500e+00)                      (0,0)                      (0,0)                      (0,0)                      (0,0)                      (0,0)
                      (0,0)                      (0,0)                      (0,0)                      (0,0)                      (0,0)    (-0.000e+00,-2.500e+00)                      (0,0)                      (0,0)    (+9.600e-01,+1.008e+01)    (-0.000e+00,-2.500e+00)                      (0,0)    (-0.000e+00,-2.500e+00)                      (0,0)                      (0,0)                      (0,0)                      (0,0)
                      (0,0)                      (0,0)                      (0,0)                      (0,0)                      (0,0)                      (0,0)    (-0.000e+00,-2.500e+00)                      (0,0)    (-0.000e+00,-2.500e+00)    (+9.896e-01,+1.006e+01)    (-0.000e+00,-2.500e+00)                      (0,0)    (-0.000e+00,-2.500e+00)                      (0,0)                      (0,0)                      (0,0)
                      (0,0)                      (0,0)                      (0,0)                      (0,0)                      (0,0)                      (0,0)                      (0,0)    (-0.000e+00,-2.500e+00)                      (0,0)    (-0.000e+00,-2.500e+00)    (+9.480e-01,+1.002e+01)    (-0.000e+00,-2.500e+00)                      (0,0)    (-0.000e+00,-2.500e+00)                      (0,0)                      (0,0)
                      (0,0)                      (0,0)                      (0,0)                      (0,0)                      (0,0)                      (0,0)                      (0,0)                      (0,0)    (-0.000e+00,-2.500e+00)                      (0,0)    (-0.000e+00,-2.500e+00)    (+9.641e-01,+1.007e+01)                      (0,0)                      (0,0)    (-0.000e+00,-2.500e+00)                      (0,0)
                      (0,0)                      (0,0)                      (0,0)                      (0,0)                      (0,0)                      (0,0)                      (0,0)                      (0,0)                      (0,0)    (-0.000e+00,-2.500e+00)                      (0,0)                      (0,0)    (+9.922e-01,+1.002e+01)    (-0.000e+00,-2.500e+00)                      (0,0)    (-0.000e+00,-2.500e+00)
                      (0,0)                      (0,0)                      (0,0)                      (0,0)                      (0,0)                      (0,0)                      (0,0)                      (0,0)                      (0,0)                      (0,0)    (-0.000e+00,-2.500e+00)                      (0,0)    (-0.000e+00,-2.500e+00)    (+9.948e-01,+1.009e+01)    (-0.000e+00,-2.500e+00)                      (0,0)
                      (0,0)                      (0,0)                      (0,0)                      (0,0)                      (0,0)                      (0,0)                      (0,0)                      (0,0)                      (0,0)                      (0,0)                      (0,0)    (-0.000e+00,-2.500e+00)                      (0,0)    (-0.000e+00,-2.500e+00)    (+9.695e-01,+1.006e+01)    (-0.000e+00,-2.500e+00)
                      (0,0)                      (0,0)                      (0,0)                      (0,0)                      (0,0)                      (0,0)                      (0,0)                      (0,0)                      (0,0)                      (0,0)                      (0,0)                      (0,0)    (-0.000e+00,-2.500e+00)                      (0,0)    (-0.000e+00,-2.500e+00)    (+9.619e-01,+1.007e+01)

B matrix
    (-3.071e+00,-2.475e+00)    (+0.000e+00,+2.500e+00)                      (0,0)    (+0.000e+00,+2.500e+00)                      (0,0)                      (0,0)                      (0,0)                      (0,0)                      (0,0)                      (0,0)                      (0,0)                      (0,0)                      (0,0)                      (0,0)                      (0,0)                      (0,0)
    (+0.000e+00,+2.500e+00)    (-3.032e+00,-2.456e+00)    (+0.000e+00,+2.500e+00)                      (0,0)    (+0.000e+00,+2.500e+00)                      (0,0)                      (0,0)                      (0,0)                      (0,0)                      (0,0)                      (0,0)                      (0,0)                      (0,0)                      (0,0)                      (0,0)                      (0,0)
                      (0,0)    (+0.000e+00,+2.500e+00)    (-3.099e+00,-2.457e+00)    (+0.000e+00,+2.500e+00)                      (0,0)    (+0.000e+00,+2.500e+00)                      (0,0)                      (0,0)                      (0,0)                      (0,0)                      (0,0)                      (0,0)                      (0,0)                      (0,0)                      (0,0)                      (0,0)
    (+0.000e+00,+2.500e+00)                      (0,0)    (+0.000e+00,+2.500e+00)    (-3.076e+00,-2.445e+00)                      (0,0)                      (0,0)    (+0.000e+00,+2.500e+00)                      (0,0)                      (0,0)                      (0,0)                      (0,0)                      (0,0)                      (0,0)                      (0,0)                      (0,0)                      (0,0)
                      (0,0)    (+0.000e+00,+2.500e+00)                      (0,0)                      (0,0)    (-3.010e+00,-2.493e+00)    (+0.000e+00,+2.500e+00)                      (0,0)    (+0.000e+00,+2.500e+00)                      (0,0)                      (0,0)                      (0,0)                      (0,0)                      (0,0)                      (0,0)                      (0,0)                      (0,0)
                      (0,0)                      (0,0)    (+0.000e+00,+2.500e+00)                      (0,0)    (+0.000e+00,+2.500e+00)    (-3.040e+00,-2.428e+00)    (+0.000e+00,+2.500e+00)                      (0,0)    (+0.000e+00,+2.500e+00)                      (0,0)                      (0,0)                      (0,0)                      (0,0)                      (0,0)                      (0,0)                      (0,0)
                      (0,0)                      (0,0)                      (0,0)    (+0.000e+00,+2.500e+00)                      (0,0)    (+0.000e+00,+2.500e+00)    (-3.083e+00,-2.440e+00)    (+0.000e+00,+2.500e+00)                      (0,0)    (+0.000e+00,+2.500e+00)                      (0,0)                      (0,0)                      (0,0)                      (0,0)                      (0,0)                      (0,0)
                      (0,0)                      (0,0)                      (0,0)                      (0,0)    (+0.000e+00,+2.500e+00)                      (0,0)    (+0.000e+00,+2.500e+00)    (-3.069e+00,-2.430e+00)                      (0,0)                      (0,0)    (+0.000e+00,+2.500e+00)                      (0,0)                      (0,0)                      (0,0)                      (0,0)                      (0,0)
                      (0,0)                      (0,0)                      (0,0)                      (0,0)                      (0,0)    (+0.000e+00,+2.500e+00)                      (0,0)                      (0,0)    (-3.040e+00,-2.425e+00)    (+0.000e+00,+2.500e+00)                      (0,0)    (+0.000e+00,+2.500e+00)                      (0,0)                      (0,0)                      (0,0)                      (0,0)
                      (0,0)                      (0,0)                      (0,0)                      (0,0)                      (0,0)                      (0,0)    (+0.000e+00,+2.500e+00)                      (0,0)    (+0.000e+00,+2.500e+00)    (-3.010e+00,-2.443e+00)    (+0.000e+00,+2.500e+00)                      (0,0)    (+0.000e+00,+2.500e+00)                      (0,0)                      (0,0)                      (0,0)
                      (0,0)                      (0,0)                      (0,0)                      (0,0)                      (0,0)                      (0,0)                      (0,0)    (+0.000e+00,+2.500e+00)                      (0,0)    (+0.000e+00,+2.500e+00)    (-3.052e+00,-2.476e+00)    (+0.000e+00,+2.500e+00)                      (0,0)    (+0.000e+00,+2.500e+00)                      (0,0)                      (0,0)
                      (0,0)                      (0,0)                      (0,0)                      (0,0)                      (0,0)                      (0,0)                      (0,0)                      (0,0)    (+0.000e+00,+2.500e+00)                      (0,0)    (+0.000e+00,+2.500e+00)    (-3.036e+00,-2.431e+00)                      (0,0)                      (0,0)    (+0.000e+00,+2.500e+00)                      (0,0)
                      (0,0)                      (0,0)                      (0,0)                      (0,0)                      (0,0)                      (0,0)                      (0,0)                      (0,0)                      (0,0)    (+0.000e+00,+2.500e+00)                      (0,0)                      (0,0)    (-3.008e+00,-2.475e+00)    (+0.000e+00,+2.500e+00)                      (0,0)    (+0.000e+00,+2.500e+00)
                      (0,0)                      (0,0)                      (0,0)                      (0,0)                      (0,0)                      (0,0)                      (0,0)                      (0,0)                      (0,0)                      (0,0)    (+0.000e+00,+2.500e+00)                      (0,0)    (+0.000e+00,+2.500e+00)    (-3.005e+00,-2.410e+00)    (+0.000e+00,+2.500e+00)                      (0,0)
                      (0,0)                      (0,0)                      (0,0)                      (0,0)                      (0,0)                      (0,0)                      (0,0)                      (0,0)                      (0,0)                      (0,0)                      (0,0)    (+0.000e+00,+2.500e+00)                      (0,0)    (+0.000e+00,+2.500e+00)    (-3.030e+00,-2.437e+00)    (+0.000e+00,+2.500e+00)
                      (0,0)                      (0,0)                      (0,0)                      (0,0)                      (0,0)                      (0,0)                      (0,0)                      (0,0)                      (0,0)                      (0,0)                      (0,0)                      (0,0)    (+0.000e+00,+2.500e+00)                      (0,0)    (+0.000e+00,+2.500e+00)    (-3.038e+00,-2.425e+00)

