u vector
    (+2.505e-01,+7.107e-01)
    (+9.467e-01,+1.927e-02)
    (+4.049e-01,+2.513e-01)
    (+2.271e-02,+5.206e-01)
    (+3.447e-01,+2.742e-01)
    (+5.610e-01,+1.400e-01)
    (+5.439e-01,+5.219e-01)
    (+8.571e-01,+4.998e-01)
    (+4.194e-01,+7.443e-01)


V matrix
    (+2.492e-01,+2.393e-01)    (+5.324e-01,+2.564e-01)    (+7.550e-01,+7.139e-01)    (+2.841e-01,+8.364e-01)    (+5.887e-01,+5.285e-01)    (+7.918e-01,+8.500e-01)    (+6.723e-01,+8.324e-01)    (+7.261e-01,+6.763e-01)    (+8.870e-01,+5.954e-01)
    (+3.201e-01,+9.105e-01)    (+4.554e-02,+5.050e-01)    (+7.228e-01,+6.984e-02)    (+3.667e-01,+9.351e-01)    (+4.556e-01,+8.283e-01)    (+8.753e-01,+6.055e-01)    (+9.569e-01,+6.297e-01)    (+5.672e-01,+7.184e-01)    (+7.951e-01,+5.672e-01)
    (+1.648e-01,+2.455e-01)    (+6.962e-01,+9.122e-02)    (+4.868e-01,+8.886e-02)    (+8.599e-01,+4.909e-01)    (+8.704e-01,+4.915e-01)    (+9.536e-01,+9.909e-01)    (+3.557e-01,+3.232e-01)    (+2.101e-01,+7.466e-01)    (+9.886e-01,+9.627e-01)
    (+1.983e-01,+7.159e-01)    (+9.071e-01,+3.091e-02)    (+7.596e-01,+4.238e-01)    (+2.208e-02,+3.621e-01)    (+9.695e-01,+8.888e-01)    (+8.671e-01,+6.441e-01)    (+6.332e-02,+2.805e-01)    (+7.489e-01,+8.942e-01)    (+5.063e-01,+7.934e-01)
    (+9.678e-01,+7.694e-01)    (+1.520e-01,+9.815e-01)    (+5.970e-01,+8.642e-02)    (+7.364e-01,+5.194e-01)    (+1.383e-01,+4.366e-01)    (+6.047e-01,+9.127e-01)    (+2.570e-01,+8.752e-02)    (+1.169e-01,+6.543e-01)    (+7.195e-01,+4.022e-01)
    (+8.071e-02,+4.599e-01)    (+6.204e-01,+2.988e-01)    (+2.730e-01,+6.238e-01)    (+4.230e-01,+2.903e-02)    (+3.439e-01,+1.189e-01)    (+4.670e-01,+7.914e-02)    (+7.362e-02,+1.007e-01)    (+2.655e-02,+2.858e-01)    (+1.160e-01,+8.314e-01)
    (+2.573e-01,+7.770e-01)    (+3.613e-01,+4.810e-01)    (+2.221e-01,+2.254e-01)    (+9.092e-01,+1.122e-01)    (+5.482e-01,+7.590e-01)    (+9.043e-01,+8.273e-01)    (+1.307e-01,+6.279e-01)    (+6.118e-01,+3.657e-01)    (+3.411e-01,+8.119e-01)
    (+5.839e-01,+9.503e-01)    (+2.978e-01,+2.852e-01)    (+4.341e-01,+9.873e-01)    (+9.802e-01,+6.878e-01)    (+3.240e-02,+1.016e-01)    (+1.473e-01,+8.072e-01)    (+3.120e-01,+9.513e-01)    (+2.812e-01,+7.112e-01)    (+2.366e-01,+9.342e-01)
    (+4.381e-01,+3.223e-01)    (+9.242e-01,+6.289e-01)    (+2.110e-01,+8.532e-01)    (+4.873e-01,+7.359e-01)    (+5.869e-01,+6.950e-01)    (+6.689e-01,+1.386e-01)    (+9.728e-01,+2.017e-01)    (+8.687e-01,+1.225e-01)    (+4.581e-01,+8.529e-01)


A matrix
    (+9.761e-01,+1.002e+01)    (-0.000e+00,-2.500e+00)                      (0,0)    (-0.000e+00,-2.500e+00)                      (0,0)                      (0,0)                      (0,0)                      (0,0)                      (0,0)
    (-0.000e+00,-2.500e+00)    (+9.495e-01,+1.000e+01)    (-0.000e+00,-2.500e+00)                      (0,0)    (-0.000e+00,-2.500e+00)                      (0,0)                      (0,0)                      (0,0)                      (0,0)
                      (0,0)    (-0.000e+00,-2.500e+00)    (+9.911e-01,+1.005e+01)                      (0,0)                      (0,0)    (-0.000e+00,-2.500e+00)                      (0,0)                      (0,0)                      (0,0)
    (-0.000e+00,-2.500e+00)                      (0,0)                      (0,0)    (+9.638e-01,+1.000e+01)    (-0.000e+00,-2.500e+00)                      (0,0)    (-0.000e+00,-2.500e+00)                      (0,0)                      (0,0)
                      (0,0)    (-0.000e+00,-2.500e+00)                      (0,0)    (-0.000e+00,-2.500e+00)    (+9.563e-01,+1.001e+01)    (-0.000e+00,-2.500e+00)                      (0,0)    (-0.000e+00,-2.500e+00)                      (0,0)
                      (0,0)                      (0,0)    (-0.000e+00,-2.500e+00)                      (0,0)    (-0.000e+00,-2.500e+00)    (+9.921e-01,+1.005e+01)                      (0,0)                      (0,0)    (-0.000e+00,-2.500e+00)
                      (0,0)                      (0,0)                      (0,0)    (-0.000e+00,-2.500e+00)                      (0,0)                      (0,0)    (+9.372e-01,+1.001e+01)    (-0.000e+00,-2.500e+00)                      (0,0)
                      (0,0)                      (0,0)                      (0,0)                      (0,0)    (-0.000e+00,-2.500e+00)                      (0,0)    (-0.000e+00,-2.500e+00)    (+9.289e-01,+1.003e+01)    (-0.000e+00,-2.500e+00)
                      (0,0)                      (0,0)                      (0,0)                      (0,0)                      (0,0)    (-0.000e+00,-2.500e+00)                      (0,0)    (-0.000e+00,-2.500e+00)    (+9.147e-01,+1.005e+01)


b = A*u vector
    (-5.530e+00,+7.813e-01)
    (+3.797e+00,+6.989e+00)
    (-1.726e+00,+5.486e-01)
    (-1.419e+00,-2.119e+00)
    (+5.332e-01,-2.255e+00)
    (+2.324e+00,+2.853e+00)
    (-2.165e+00,+3.735e+00)
    (-3.647e-01,+5.789e+00)
    (-5.494e+00,+1.348e+00)


solution of a linear system x
    (+2.505e-01,+7.107e-01)
    (+9.467e-01,+1.927e-02)
    (+4.049e-01,+2.513e-01)
    (+2.271e-02,+5.206e-01)
    (+3.447e-01,+2.742e-01)
    (+5.610e-01,+1.400e-01)
    (+5.439e-01,+5.219e-01)
    (+8.571e-01,+4.998e-01)
    (+4.194e-01,+7.443e-01)

